# MycielskiTomasz
# linie zaczynające się znakiem # to komentarz
#
# sprawdź istnienie ścieżek dla par wierzchołków:
#
# 316 480
# 298 68
# 222 160
# 
# graf:
587
2177
0 218
0 512
0 24
1 345
1 470
2 561
2 483
2 42
2 174
3 84
3 109
3 265
4 483
4 247
5 184
5 306
5 40
5 546
5 561
5 353
6 163
6 145
6 533
7 185
7 411
7 206
8 126
8 312
9 582
9 565
9 551
10 201
10 516
10 356
10 456
11 171
11 339
12 145
12 163
12 202
13 379
13 267
13 414
13 331
13 62
14 42
14 520
14 560
14 279
14 534
15 548
15 273
15 501
15 167
15 188
16 202
16 546
16 320
16 11
17 12
17 121
17 187
18 432
18 270
18 279
19 429
19 207
19 572
19 466
19 325
19 198
20 387
21 46
21 366
22 447
22 127
22 455
23 185
23 55
23 38
23 427
23 488
24 84
24 541
24 68
25 44
25 217
25 212
25 471
26 580
26 81
26 272
26 251
26 584
27 356
27 455
27 254
27 223
27 467
28 51
28 41
28 545
29 226
29 575
30 0
30 434
30 83
30 567
30 242
30 426
31 211
31 516
31 34
31 165
32 126
32 196
32 331
32 92
32 504
33 28
33 273
33 124
34 236
34 489
34 204
34 540
34 466
35 38
35 250
35 407
36 37
36 477
36 283
36 10
36 335
36 274
37 525
37 111
37 539
37 294
37 397
38 7
38 316
39 537
39 179
39 363
39 40
40 296
40 10
40 166
41 9
41 366
42 195
42 381
42 421
43 45
43 225
43 407
44 322
44 491
44 246
45 176
45 442
45 165
45 460
45 560
46 585
47 384
47 414
47 76
47 295
47 207
48 110
48 223
48 379
48 10
48 37
48 478
49 277
49 218
49 122
50 65
50 478
50 141
51 242
51 228
51 512
51 26
52 390
52 546
52 193
52 573
52 362
53 417
53 0
53 11
53 436
53 111
53 461
53 479
53 477
53 197
54 359
54 320
54 86
54 154
54 71
54 81
54 541
54 272
54 449
55 251
55 471
55 547
55 146
55 463
56 78
56 470
57 498
57 275
58 549
58 393
58 100
59 309
59 314
59 95
60 278
60 484
60 287
60 436
60 376
60 19
61 528
62 232
62 73
62 192
62 15
62 420
62 507
63 390
63 14
63 452
63 262
63 110
63 420
64 298
64 332
64 253
64 120
64 60
64 324
65 446
66 433
66 143
67 477
67 452
67 84
67 290
68 104
68 389
68 504
68 6
69 437
70 156
70 472
70 116
70 575
71 65
71 84
72 331
72 13
72 370
72 463
73 500
73 244
73 253
74 214
74 486
75 453
75 397
75 142
75 274
76 66
76 64
76 278
76 233
77 164
77 64
77 261
77 380
78 237
78 469
78 12
78 484
78 101
78 127
78 155
78 534
79 570
80 14
80 128
80 415
80 267
81 314
81 401
82 551
82 127
82 412
83 386
83 504
83 132
83 540
84 85
84 336
84 24
84 264
84 181
84 107
85 379
86 367
86 200
86 461
86 22
87 510
87 475
87 478
87 437
87 71
87 572
87 285
87 464
87 243
87 299
88 434
89 311
90 280
90 454
90 183
90 278
90 15
91 577
91 382
91 226
92 125
92 566
92 210
92 457
93 316
93 328
93 102
93 480
94 10
94 270
94 449
95 155
95 72
95 80
96 342
96 430
96 81
96 505
97 551
97 381
97 96
97 183
97 77
97 182
97 412
98 507
98 197
98 46
98 455
98 78
98 512
98 69
99 410
99 65
99 225
99 525
100 111
100 518
101 463
102 283
102 472
102 224
102 172
103 214
103 200
103 230
104 22
105 77
105 218
105 426
105 65
105 438
106 503
106 225
107 45
107 474
107 153
107 155
107 246
108 390
108 170
108 109
109 515
109 218
110 71
110 239
110 313
111 71
111 539
111 200
112 66
112 443
113 402
113 461
113 49
114 16
114 290
114 171
114 301
115 395
115 58
116 120
116 183
116 585
116 384
116 49
117 366
117 110
117 155
117 276
117 73
117 585
117 122
117 368
118 240
118 86
118 426
118 514
118 393
118 376
118 165
119 55
119 4
119 356
120 246
120 251
120 322
120 490
120 340
120 202
121 433
121 429
121 440
122 318
122 389
122 93
122 328
122 238
122 260
123 2
123 101
123 226
123 186
124 447
124 207
124 392
124 372
125 123
125 386
125 237
125 299
125 99
125 534
125 491
125 91
126 477
126 151
126 506
126 564
126 68
126 418
126 541
127 40
127 348
127 25
127 460
128 406
128 264
128 273
128 92
129 243
129 470
129 245
130 391
130 321
130 492
131 57
131 25
131 164
131 256
131 291
131 200
132 264
132 357
132 173
132 361
133 311
133 376
133 294
133 272
133 28
134 535
134 164
134 121
135 320
135 386
136 370
137 568
137 550
138 326
138 62
138 517
138 334
138 563
139 526
139 305
140 41
140 294
141 484
141 249
141 116
141 549
141 0
142 7
142 405
142 289
143 26
143 199
143 100
144 351
144 433
144 132
144 160
144 405
145 116
145 488
145 0
145 239
145 366
146 347
146 453
146 533
146 314
146 306
146 561
147 117
147 573
147 344
147 256
147 348
148 546
148 107
149 119
149 573
149 135
149 159
149 124
150 278
150 214
150 188
150 349
150 77
150 481
151 63
151 245
151 528
151 575
151 562
152 527
152 281
152 264
152 433
152 466
153 547
154 374
154 209
154 315
155 327
155 318
155 29
156 177
156 25
156 12
156 282
156 0
156 581
156 107
157 65
157 288
157 570
157 393
158 144
158 392
158 12
158 560
158 201
158 507
159 399
159 174
159 122
159 222
159 387
159 291
160 226
160 431
160 333
160 162
161 304
161 331
161 444
161 438
161 332
162 247
162 412
162 25
162 24
163 556
163 48
163 521
163 572
163 61
163 322
164 6
164 342
164 143
164 489
164 96
164 23
164 339
165 207
165 378
165 171
166 226
167 164
167 486
167 411
168 10
168 33
169 29
169 92
169 487
169 266
170 508
170 521
171 413
171 125
171 428
171 301
171 535
172 429
173 189
173 469
173 341
173 347
174 77
174 198
174 334
174 207
174 65
174 396
175 85
175 199
175 246
175 32
175 422
175 310
175 90
175 457
176 183
176 452
176 327
176 444
176 326
176 552
176 44
177 586
177 13
177 116
177 178
178 28
178 496
179 174
179 122
179 438
180 19
180 388
180 526
180 420
180 456
180 95
180 534
181 102
181 72
182 223
182 196
182 428
182 297
182 75
183 418
183 293
183 366
183 412
183 365
183 582
184 122
184 60
184 524
184 462
184 204
184 347
184 272
184 443
185 220
185 384
185 480
185 521
185 280
186 7
186 400
187 87
187 55
187 48
187 49
187 319
187 35
188 36
188 551
188 16
188 442
189 387
189 273
190 475
192 404
192 314
192 411
193 418
193 36
193 501
194 35
194 17
194 520
195 350
195 226
196 305
196 487
196 116
197 74
197 158
198 563
198 292
198 469
199 473
199 483
199 104
199 398
199 21
199 498
199 57
200 437
200 409
200 160
200 31
200 575
200 345
200 307
201 141
201 512
201 300
202 217
202 523
203 565
203 327
203 449
203 126
204 312
204 454
204 516
204 261
205 460
205 262
205 498
205 474
206 336
206 242
206 68
207 257
207 202
207 149
208 450
208 166
208 404
209 69
209 359
209 562
210 573
210 161
210 250
210 26
210 337
211 513
211 360
211 470
212 246
212 32
212 249
213 13
214 226
214 340
214 247
214 512
215 517
215 369
215 275
215 79
215 461
216 446
216 456
216 218
216 37
217 286
217 183
217 549
217 148
217 241
218 329
218 504
218 459
218 95
218 38
219 337
219 279
219 4
219 114
220 320
221 505
221 506
221 84
222 461
223 366
223 267
223 79
223 298
224 24
224 360
225 276
225 72
225 225
225 50
225 53
226 362
226 107
226 232
226 510
226 138
226 160
227 310
227 336
227 308
228 52
228 96
228 38
228 445
229 119
229 94
229 144
229 376
229 568
230 487
230 183
230 485
230 291
231 567
231 240
231 367
231 178
231 402
231 468
232 440
232 334
233 437
234 22
234 187
234 580
234 23
235 52
235 439
236 185
236 271
236 278
237 66
237 119
237 408
237 330
238 307
239 99
239 489
240 57
240 226
240 150
241 327
241 516
242 195
242 29
243 355
243 436
244 215
244 30
244 371
244 223
245 448
245 455
246 152
246 1
246 369
247 337
247 118
248 351
248 229
248 407
248 474
248 469
248 244
249 551
249 219
249 56
249 180
249 369
250 252
250 166
250 288
251 5
251 564
251 117
251 107
251 421
252 418
253 85
253 43
253 585
253 127
253 327
253 354
254 192
254 556
254 190
255 549
255 335
255 176
255 265
256 76
256 369
256 272
256 61
256 581
256 239
256 1
257 210
257 257
258 315
258 359
259 307
259 501
259 200
260 547
260 416
260 124
260 463
261 75
261 229
262 170
262 309
262 249
262 260
263 165
263 139
263 362
264 144
264 368
264 163
265 347
265 143
265 240
265 400
265 493
265 497
266 29
267 402
267 257
267 569
267 189
267 320
267 270
267 568
268 358
268 309
268 298
268 310
268 75
269 99
270 381
270 411
270 334
270 46
270 522
270 475
270 460
271 172
272 482
272 355
273 236
273 515
273 431
273 72
273 158
273 407
274 19
274 3
274 565
274 517
274 201
275 257
275 60
275 12
275 196
276 145
276 565
276 455
276 372
277 283
277 111
277 563
277 317
278 525
278 465
278 25
278 224
278 233
278 17
278 69
278 163
279 566
279 272
279 198
279 113
280 15
280 63
280 76
280 168
281 515
281 181
281 147
281 250
281 548
281 422
281 6
282 171
282 494
283 455
283 571
284 144
284 414
284 278
284 461
285 531
285 486
285 187
286 30
286 487
286 83
286 10
287 11
287 199
287 363
288 441
288 415
288 482
288 109
288 530
288 306
289 9
289 397
289 109
289 302
289 504
289 74
289 30
289 137
290 340
290 539
290 294
291 21
291 387
291 170
291 54
291 132
292 522
292 22
292 138
292 447
292 480
293 535
293 219
293 71
293 255
294 2
295 528
295 564
296 58
296 343
296 564
296 69
296 245
297 299
297 534
298 109
298 359
298 362
298 321
298 243
299 340
299 9
299 411
300 379
300 394
300 6
300 308
301 360
301 119
302 63
303 67
303 343
303 151
303 74
303 322
303 101
304 458
304 355
304 295
304 380
305 562
305 171
306 321
306 535
306 226
307 456
307 554
307 140
307 358
307 198
307 255
307 132
308 262
309 538
309 257
309 178
309 75
309 242
310 47
311 208
311 570
311 11
311 163
311 323
311 214
312 177
313 271
314 187
314 119
314 337
315 470
315 533
316 99
316 519
316 405
316 59
316 292
316 293
317 62
317 382
317 97
317 432
317 208
317 218
318 157
318 208
318 192
318 166
318 561
318 278
318 173
318 457
318 231
320 279
320 204
320 282
320 80
320 112
321 506
321 265
321 47
321 321
321 470
322 187
322 229
322 388
322 331
322 358
323 19
324 0
326 327
326 439
326 4
327 214
327 535
327 216
327 127
328 495
328 248
329 247
330 217
331 520
331 565
331 465
331 218
332 535
332 2
332 206
332 560
333 574
333 198
333 61
333 57
334 276
334 465
334 261
334 283
334 226
335 74
335 401
335 396
336 367
336 63
336 456
336 385
336 44
336 317
337 193
337 328
337 89
338 531
338 400
338 303
338 7
338 546
339 13
339 178
340 259
340 410
340 125
340 374
340 129
341 48
341 481
341 324
341 583
341 236
342 148
342 465
342 38
343 111
343 244
343 54
343 481
343 312
343 581
343 448
344 60
344 523
345 559
346 509
346 471
346 568
347 503
347 199
347 255
347 7
347 319
348 166
348 456
349 176
349 162
349 124
349 401
349 118
350 67
350 128
351 25
351 168
352 377
352 178
352 143
352 483
352 355
352 584
352 121
353 77
353 268
353 406
353 517
354 346
354 16
354 286
354 308
355 439
355 10
355 107
356 492
356 546
356 429
356 551
356 316
356 48
356 185
356 339
356 275
357 473
358 77
359 573
359 526
359 336
360 403
360 528
361 365
361 275
361 167
361 352
362 61
362 262
362 200
363 287
363 270
363 316
363 437
364 191
364 293
364 466
364 389
365 211
366 116
366 382
367 325
367 473
368 518
368 168
368 25
368 10
369 555
369 357
369 205
370 530
370 238
370 229
370 85
371 377
371 149
371 198
371 511
371 85
371 206
371 179
371 555
371 176
371 436
372 405
372 439
372 133
372 380
372 246
372 68
373 502
373 1
373 321
374 307
374 479
374 312
375 285
375 374
376 103
376 484
376 372
376 340
377 369
377 33
377 124
377 341
377 521
377 1
378 404
378 425
378 48
378 33
378 222
379 175
379 477
379 132
379 564
380 105
380 170
380 420
380 106
380 535
380 108
381 473
381 426
381 513
381 303
381 328
381 578
382 94
383 377
383 57
383 355
384 34
384 140
384 287
384 253
384 338
384 362
384 447
384 395
385 420
386 447
386 273
386 261
387 84
387 4
387 420
387 10
387 245
387 288
387 508
388 470
388 440
388 96
389 488
389 194
389 527
389 195
390 483
390 347
390 235
390 343
391 137
391 231
391 571
391 157
391 547
391 142
392 54
392 319
392 395
392 516
392 426
392 283
393 128
393 91
393 32
393 291
393 310
393 91
393 302
393 558
394 259
394 358
394 448
395 222
395 216
395 225
396 549
397 254
397 418
397 481
397 302
398 28
398 266
399 257
399 423
399 262
399 479
399 416
400 155
400 87
400 432
401 300
401 469
401 42
401 312
402 415
402 197
402 295
402 355
402 337
403 130
403 459
403 161
404 144
404 442
404 208
405 343
405 465
406 205
406 119
406 372
406 423
406 179
406 277
407 397
407 186
408 256
408 459
408 497
408 230
409 130
409 518
409 180
409 90
409 202
410 52
410 569
410 401
411 118
411 144
411 560
411 206
412 510
412 517
412 462
412 500
413 417
413 300
414 447
414 63
415 86
415 191
416 442
416 87
417 550
418 26
418 368
419 150
419 193
419 569
420 450
420 151
420 452
420 302
420 202
421 538
422 47
422 305
422 183
422 195
422 158
423 520
423 37
423 184
424 18
424 310
425 474
425 218
425 203
425 586
425 261
426 120
426 504
426 8
428 527
428 465
428 400
428 379
429 122
429 62
430 162
430 92
430 122
430 452
430 416
431 149
431 526
432 356
433 214
433 318
433 506
434 554
434 200
434 570
434 222
434 513
434 440
435 538
435 577
435 153
435 321
436 63
436 92
436 133
436 20
437 438
437 432
438 86
438 70
438 133
439 397
439 211
439 13
440 102
441 153
441 80
441 8
441 98
441 56
441 334
442 505
442 262
442 203
442 80
443 148
443 268
443 63
443 517
443 491
443 4
444 268
444 489
444 309
444 216
445 318
445 263
445 75
445 211
445 300
446 73
446 230
446 237
446 223
447 193
447 163
447 516
448 428
448 527
448 579
448 541
449 274
449 360
449 447
449 461
450 101
450 565
450 556
450 111
450 51
450 212
450 525
451 305
451 482
452 358
453 240
453 544
453 145
454 580
454 127
455 506
455 327
455 105
455 47
455 439
456 291
456 519
456 561
457 430
458 143
458 472
458 181
458 189
458 462
458 88
458 234
459 584
459 3
459 307
459 64
460 178
460 141
460 1
460 167
461 582
461 551
461 229
461 71
461 249
462 223
462 410
462 27
462 189
463 83
463 397
463 1
463 437
464 256
464 257
464 336
465 25
465 560
465 542
465 453
465 164
465 247
466 508
466 564
466 220
466 288
468 201
468 468
468 527
468 453
469 463
469 470
469 569
469 216
469 222
470 573
470 186
470 355
470 335
470 381
470 215
471 347
471 182
472 456
472 93
472 454
472 407
472 427
473 116
474 448
474 26
474 235
474 222
474 301
474 488
475 430
475 326
475 183
475 50
475 384
476 198
477 125
477 95
477 85
477 509
478 254
478 493
479 168
479 573
479 452
479 378
479 496
479 81
480 453
480 174
480 262
480 104
480 41
481 407
482 548
482 513
482 395
483 410
483 444
483 131
484 549
484 83
484 242
484 149
484 11
484 428
484 571
485 365
486 281
486 74
487 404
487 491
487 532
487 132
487 394
488 251
488 516
488 137
488 234
488 502
488 569
489 584
489 426
489 241
489 414
490 384
490 569
490 63
490 547
490 78
491 500
491 336
491 577
491 55
491 448
491 103
491 470
491 150
492 380
492 122
492 431
492 383
492 14
493 298
493 442
494 561
494 363
494 211
494 21
494 571
495 5
495 235
495 386
496 170
496 164
496 47
496 132
496 554
497 274
497 472
497 568
498 363
498 124
498 215
499 501
499 300
500 246
500 443
500 305
500 413
500 559
501 130
501 35
501 356
502 170
502 517
503 225
503 490
503 248
504 454
504 28
504 504
505 497
505 72
505 418
505 207
506 231
506 516
506 513
506 161
507 280
507 94
508 156
508 405
509 471
509 92
509 284
509 352
510 77
510 242
510 356
510 215
510 400
510 282
511 364
511 235
511 420
512 349
512 256
512 538
512 157
512 407
513 113
513 165
513 348
514 425
514 469
514 180
514 325
515 61
515 193
515 456
515 552
515 22
516 25
516 197
516 177
517 235
517 384
517 348
517 39
517 362
518 551
518 487
518 505
518 581
519 201
519 443
519 58
519 62
519 396
519 443
520 224
520 382
520 12
520 226
521 442
521 509
521 132
522 417
522 411
522 235
523 202
523 115
523 19
524 130
524 542
524 262
525 65
525 381
526 405
526 20
526 87
526 64
526 436
526 35
527 151
527 182
527 287
528 14
528 468
528 209
528 331
529 103
529 340
530 153
531 428
531 547
531 408
531 180
532 105
532 204
532 80
533 130
533 294
533 50
533 194
533 6
534 166
534 66
534 123
534 250
534 195
534 349
534 2
535 447
535 47
536 285
537 2
537 367
538 17
538 552
538 124
538 445
538 124
538 93
539 345
539 27
539 128
540 156
541 74
541 128
541 40
541 281
541 503
541 494
542 364
542 550
543 410
543 292
543 271
543 526
543 227
544 358
545 163
545 305
545 195
545 531
545 102
545 55
546 33
547 487
547 198
547 214
548 324
548 215
549 406
550 69
550 271
550 292
550 4
551 72
551 203
551 58
551 482
551 516
552 263
553 323
553 228
553 18
553 391
553 55
553 140
553 232
554 247
554 199
555 134
555 193
556 286
556 320
556 459
556 581
557 405
557 527
557 364
557 183
558 399
558 463
558 269
558 503
559 222
559 393
559 48
560 544
560 352
560 441
560 528
561 551
561 161
561 320
561 442
562 394
562 65
562 230
563 261
563 468
563 473
564 548
564 37
564 367
564 193
564 315
565 353
566 356
566 395
566 408
566 464
566 333
566 570
566 254
567 284
567 10
567 279
567 457
568 165
568 9
568 116
569 336
569 489
569 151
569 51
570 345
570 191
570 515
570 480
571 455
571 126
571 31
571 454
572 539
572 516
572 87
573 13
573 182
573 583
573 429
573 542
573 447
574 370
574 356
574 19
574 346
574 122
574 410
575 228
576 549
576 180
576 127
576 485
576 157
577 385
577 527
577 493
577 482
577 416
577 530
578 67
579 324
579 560
579 412
579 80
579 208
579 140
579 209
579 477
579 559
580 422
580 48
580 456
580 356
580 579
580 420
581 81
581 135
581 382
582 139
582 450
584 383
584 277
584 273
584 166
584 12
584 544
585 386
585 190
585 18
585 567
586 40
586 124
586 278
586 454
586 11
586 267
586 554

